4570,4
4570,3
4570,2
4570,1
4570,0
4569,3
4569,2
4569,1
4569,0
4568,5
4568,4
4568,3
4568,2
4568,1
4568,0
4567,3
4567,2
4567,1
4567,0
4566,3
4566,2
4566,1
4566,0
4565,3
4565,2
4565,1
4565,0
0,394
0,393
0,391
0,388
0,387
4564,4
4564,3
4564,2
4564,1
4564,0
4563,3
4563,2
4563,1
4563,0
4562,5
4562,4
4562,3
4562,2
4562,1
4562,0
4561,3
4561,2
4561,1
4561,0
4560,3
4560,2
4560,1
4560,0
4559,3
4559,2
4559,1
4559,0
4558,4
4558,3
4558,2
4558,1
4558,0
4557,3
4557,2
4557,1
4557,0
4556,5
4556,4
4556,3
4556,2
4556,1
4556,0
4555,3
4555,2
4555,1
4555,0
4554,3
4554,2
4554,1
4554,0
4553,3
4553,2
4553,1
4553,0
4552,4
4552,3
4552,2
4552,1
4552,0
4551,3
4551,2
4551,1
4551,0
4550,5
4550,4
4550,3
4550,2
4550,1
4550,0
4549,3
4549,2
4549,1
4549,0
4548,3
4548,2
4548,1
4548,0
4547,3
4547,2
4547,1
4547,0
4539,2
4539,0
4541,0
4543,2
4543,0
4544,0
4542,0
4540,2
4540,0
4541,2
0,385
0,384
0,511
0,510
0,508
0,507
0,506
0,505
0,504
4544,2
4542,2
0,487
4544,4
4546,52
4546,51
4546,50
4546,49
4546,48
4546,47
4546,46
4546,45
